group_id,price,time
951,12155,9077
947,14659,5764
270,17751,7182
580,18083,5820
924,14409,3011
930,10658,7619
233,16889,7308
133,10824,3198
572,17932,1302
592,19673,2981
34,17336,6344
828,13945,7659
782,17172,5052
510,13999,3665
564,10661,6607
310,18272,4696
181,10805,735
585,14746,2428
654,15465,9408
498,16962,8462
432,17916,1738
762,18329,9172
876,19474,272
856,10499,5674
228,13437,5503
151,14318,8708
75,15405,4722
572,13306,8086
552,15018,5110
567,12024,7671
906,14603,1956
619,13503,2925
872,14299,3891
244,10838,7542
507,11611,4922
903,19986,8190
126,19554,1093
724,14648,5608
139,19140,3459
334,10272,1686
616,12808,1685
605,18395,7635
131,16623,5576
686,12630,9488
238,16211,9321
854,16645,4913
215,13944,5133
762,19702,228
397,15398,4312
786,13951,5484
389,18024,245
593,12374,7858
837,14555,7238
818,11161,6574
534,17822,8369
698,12907,1098
750,17670,2540
904,19803,7442
293,12991,3944
21,19847,8348
704,14071,2521
42,14090,870
455,15856,2816
61,12401,3060
955,10209,1993
504,14977,7660
704,16683,8497
555,15699,559
19,19782,4734
830,13020,4547
753,16049,828
30,12911,8787
337,19342,5066
170,11616,7912
627,14663,2498
309,19594,864
730,12857,1813
136,10276,4254
511,12806,5296
259,15227,3233
959,14720,3036
208,18896,8592
149,18373,8338
512,15549,3268
62,17663,487
633,16858,5352
944,19946,8755
728,13702,3242
517,16555,3835
33,10652,144
840,18884,5676
447,17207,924
186,13593,4938
481,18356,7464
135,15256,2648
140,19660,925
159,12406,8820
5,13664,8562
887,10133,1084
438,10810,8501
709,14516,8695
126,15242,1027
495,13274,6556
213,13706,8781
939,17544,7225
743,11516,4857
488,18211,2971
832,18526,9729
710,17172,6233
908,13960,5585
590,15284,5982
880,13016,4699
656,18373,3327
155,12573,2995
949,13943,480
447,13484,3548
158,12852,1144
970,15941,2007
502,19102,9817
389,12437,2354
964,16201,5742
498,15644,6189
518,13293,9355
471,17537,9910
880,10275,1355
76,18374,7930
5,10594,2716
730,11981,5049
204,18433,134
701,11436,3225
226,19301,7611
533,14617,294
450,11520,6349
522,15721,3745
887,12091,8132
471,13555,8937
186,10915,7452
566,19690,7917
563,11519,7205
112,11210,3203
529,11602,8259
474,11441,4476
636,18690,7121
335,19817,7788
428,19949,6102
64,14179,7694
906,17512,4677
725,19866,9565
561,14483,2092
860,17167,7301
457,10725,1713
537,15216,282
253,15825,817
752,11686,9501
394,17567,8755
163,12346,5270
809,13814,1476
131,12513,2804
665,19375,6839
492,17846,8570
422,19522,3303
549,19197,8937
165,18238,8848
192,12031,7611
964,15798,3187
26,11443,8042
332,15151,3254
878,19168,7418
371,19635,425
178,12030,8009
71,16270,3395
812,15534,7457
679,10077,133
253,11403,8157
212,10763,5399
359,19230,7891
233,12044,6079
78,16277,5484
638,13763,4084
696,12821,1154
9,10293,4724
141,10489,8350
651,15020,5896
296,15121,3869
980,11943,7818
893,17051,3373
771,14624,2425
889,16485,2696
329,13984,956
596,19275,384
770,11070,194
253,12427,8719
468,11631,3762
58,11678,2465
969,12103,6066
554,16939,9327
221,10645,8942
701,16872,561
791,13671,7657
448,10909,3674
282,14130,3072
424,14751,1766
89,10435,8633
259,13786,7861
106,11695,2464
830,15323,3207
452,11129,1779
280,12772,5727
197,19624,3803
207,16649,4843
802,17204,3758
621,14768,4587
483,18633,5691
756,16631,1472
498,18070,5381
967,17269,1383
54,12030,1048
102,17288,8789
415,15773,1396
781,15635,7907
1,10202,8734
891,18988,3817
25,19355,6871
454,17409,8300
947,16960,5360
337,13980,3780
307,12409,8199
156,18525,1809
309,13350,7081
814,19000,8863
784,14509,9612
113,12504,3646
669,11320,8387
903,17416,7374
769,19293,8960
778,10305,8362
563,15482,6537
43,10472,7917
106,13916,3493
289,13286,6005
306,12890,4712
265,17912,2971
98,11922,2844
258,17725,3231
433,15687,9814
480,11592,7661
240,19528,3337
315,17492,2163
902,18583,7247
147,11856,4446
409,15965,591
192,18252,1092
720,18831,1302
605,14765,5846
907,16042,1752
574,15891,5945
867,15137,4379
72,13356,5304
972,11878,2028
523,10819,4544
612,14398,6683
113,14214,2256
52,18769,6792
871,11670,6162
571,17233,7736
250,18116,5379
377,15490,9435
46,17671,719
870,14517,4869
405,12475,9777
166,19546,9462
22,12069,5193
153,14426,9783
349,12789,2451
624,13307,1218
482,10357,1687
432,12214,4572
882,19953,2061
916,19222,5227
92,15648,3268
682,14938,1647
177,19775,5225
917,19584,2846
31,10680,4534
175,11700,2055
186,11463,2393
439,13122,2553
901,12127,7953
140,12962,7143
237,10412,4786
709,13897,2266
879,10831,9950
611,17591,9118
639,17778,6389
75,17669,4096
913,11804,2467
874,19171,6589
757,12003,6413
914,14442,9892
367,10800,8719
863,16302,2333
211,18893,6755
955,14148,2863
700,15899,2782
956,15275,8987
637,17056,2284
402,18846,3963
437,16026,5635
446,11849,8241
314,15113,6189
859,13318,9661
5,13592,617
639,14621,842
383,12242,6959
986,15453,7207
596,14180,3648
855,16849,9726
3,12504,5805
874,14578,5368
386,13287,6120
613,17985,2417
346,16008,3925
217,19162,2111
768,14541,3786
618,16273,9576
549,11185,2126
224,14467,6043
551,14284,2284
803,15282,2735
942,16722,4798
890,14831,326
737,13167,8807
65,16395,2252
698,10620,3721
633,16959,1314
672,18143,4834
365,14347,8248
76,13431,4373
927,15213,4656
930,18304,6158
765,10122,8894
985,14258,7755
628,13234,6382
498,17953,9323
570,11469,9976
378,10510,5953
422,18403,8936
402,11546,5110
616,17689,2576
139,10722,4925
775,16345,5102
937,19378,9927
736,19342,925
28,17179,4382
779,19883,5933
982,13986,6004
359,13979,9899
606,13569,8086
608,19241,4362
263,14543,6326
914,16935,1871
731,11096,7841
212,17937,1561
771,10252,5272
150,16365,2524
808,16595,9413
567,14882,2954
387,12979,5169
460,13452,8561
636,12436,5732
867,13850,2371
111,11340,871
86,17048,9787
302,15608,9593
99,12095,224
675,11506,8054
412,10646,2488
443,15656,8411
407,12455,8282
866,14489,2022
938,13572,5260
149,17803,4598
577,19566,3689
546,12690,5317
808,18419,3617
654,16796,6056
845,17221,7624
779,18311,9305
96,18987,8409
554,18661,4393
767,13554,1697
241,13096,2652
86,19471,9765
1,16493,4512
86,13607,2417
992,16706,7263
602,15519,8086
797,12152,6959
758,19058,5046
817,19599,8930
217,16762,2410
100,19913,9967
560,12486,8690
314,15140,8597
196,18464,1981
475,10145,5142
360,12135,8803
372,10368,1101
688,15111,2548
813,11496,1292
371,14002,6638
542,17115,6653
838,16479,9788
409,10721,4706
393,19129,9170
497,15618,2338
769,11543,4660
285,17574,500
225,13469,7993
211,19461,4950
367,19161,5081
714,10829,1182
882,11091,6731
750,11958,9230
835,13411,2557
830,13479,872
881,15383,3846
593,11701,6278
97,15098,5453
300,16742,5292
26,14418,6458
703,17207,775
992,13585,4749
589,10559,6120
935,16015,6572
45,11737,9085
907,17658,2335
490,17126,9824
165,16444,3156
644,19360,4916
356,11949,5303
535,18710,4844
505,10672,3653
638,19500,9748
951,15888,8501
465,12309,1289
462,14764,9468
2,18078,3772
402,18433,5469
166,18794,2379
624,19105,4095
535,11314,981
484,18510,8752
602,14107,1505
500,18956,5641
696,18826,7961
939,15459,431
790,18171,4427
841,18848,4738
133,14835,6083
259,10854,4559
291,19402,1322
826,14311,2629
512,13623,4702
126,15764,6931
315,16449,7094
257,12262,3273
481,15341,3226
501,14384,5175
60,15100,6626
618,16158,4399
151,19514,8739
272,19091,88
110,12686,4906
817,17950,5912
93,12766,3946
287,10539,1243
634,17068,4737
77,15215,690
417,11160,4324
113,18214,2743
992,14535,2374
131,12034,9722
818,15054,5069
557,19313,9454
160,11782,2878
838,12965,721
169,15496,95
397,10398,3606
343,11871,2347
17,13529,1232
753,12944,5565
257,19344,7723
385,18107,2302
341,15660,3494
912,12120,5110
233,18216,4393
705,10420,4668
221,15232,2457
653,17155,7573
