id,group_id,group_customer_id,transaction_id,comments,time,next_purchase
0,775,4990,2883,4728a26498a7441a03a375eb0280b65c24a8cbd9 ,1053,31
1,119,4899,2219,25250e46745c8169531da0086e6bbc3369795330 ,8751,29
2,990,770,4781,1f0037c5e92481b35c84bc22d7e8f69c34365430 ,4671,23
3,699,790,3168,0b7f5ada6bdd5e4844b1dc6da915ace79a38c463 ,1248,29
4,230,3150,276,ba613d1fc0d9300175611e31cca7cf9f525056cb ,7697,26
5,274,4518,2790,30222b26c6fe9abd40484df71711d3031a28c6bf ,6768,25
6,210,53,1773,733b57ae9e45bae742221b555c15e97f45364893 ,6228,16
7,656,397,3519,3bb18d9ab531def40a51e637a236689460f8d373 ,9482,24
8,682,1159,4532,63573d008f93d619a8743d27c55d58dcaab1c28d ,5609,6
9,491,138,435,1a16327c0d874646ac918dada4ce6e12cbe77074 ,7217,33
10,911,386,3082,cd6d91089c7e219a7f4e86e3c2d57f936d367689 ,7777,9
11,28,3757,4120,e77a763321d6cf825534ab228e1dfa33e71447c1 ,401,30
12,304,4317,1834,25a5e3012854728e0c6ab97fdcbb65c3a00c0965 ,6827,9
13,250,3388,659,95ba225d2fecda66129fea8e09e4ef3ef67967a2 ,6327,17
14,909,2943,2082,8bd7954c40c1e59a900f71ea3a266732609915b1 ,2313,22
15,240,1330,3532,9aaa0b523023790b2cf1df9dc629ba14abd0edd5 ,4921,28
16,717,1012,3784,41990bc354116362c6e6e8aa088d4e703104e6f7 ,3661,40
17,373,813,3032,2a7541babb57434e5631ffa2b5639e24f8ce84fc ,6379,32
18,84,4197,4569,26e7458dc56ab2830fadba7bd2c1aa10e981518d ,6086,27
19,633,1783,956,749bc367fd90880f2d6dbe578e98e14645b0b26d ,3583,6
20,291,4278,3233,4912f56aec6f0ac56bbb7fa9231e79891c48afc5 ,9550,60
21,947,4889,3776,e77a763321d6cf825534ab228e1dfa33e71447c1 ,1560,32
22,157,1708,4458,4dcee7f85df40fc71dcad450a6cbc55190e1253b ,8772,10
23,608,1481,1775,e62d7f1eb43d87c202d2f164ba61297e71be80f4 ,9837,17
24,735,750,4074,5f1cd7c3fb68ae7c679f8c33966610670d32ff1e ,4860,38
25,142,1948,4757,89f549b2a5341a05a7e4afeb364599158a03a47f ,4595,25
26,17,3391,2036,4b14fe7493932c29c0d1b85a3ba120bd22079c3e ,8100,16
27,271,3197,2916,91eb375e8e71d9ce2f7cde8b0a757f66c94c998a ,8408,21
28,315,4290,73,142e9ae35ca000441e9ea0566bb96694ed97d0bc ,888,15
29,395,3260,1369,86e55aec99bfd3868b399afe0c5069bd2a7b7d18 ,2863,17
30,246,1311,700,0b93caee71a9d214d0bbbc5622ea29507e3b8a7a ,6956,30
31,995,3635,4354,0159a99ed28b0581890608d24ada9decc4874197 ,4039,44
32,387,1270,2904,5375ef76b6dc19bb987a8eab45f489e7abd6ccc8 ,3458,9
33,787,1181,1320,914127d1002e9938e2e1ee54cd92fd8195a248b0 ,1495,28
34,126,3522,2649,17ba0791499db908433b80f37c5fbc89b870084b ,1373,10
35,935,351,204,f7e19157e9c4e0b9bf77b16588e3961fe4b0e2d9 ,6956,16
36,991,4115,2676,2e946dff15fb8c09a1a17ae80c6b45f0d5814cd4 ,1252,26
37,774,4828,2707,367ac64a16d19e2afefcf7c5fab8666dda92f9de ,524,15
38,196,1953,925,ec7f1f65067126f3b2bd1037de8a18d0db2ec84b ,2167,16
39,985,3815,4781,6d5db0e809f71a43d3bada01e4c1c4d4b501b435 ,1064,35
40,25,2902,4236,b6e2efd8ffb991dd3ea069b7b9286d5e31f97b36 ,5404,8
41,370,483,3966,5d00f2c62873169a8720963189ff86b1f29d4958 ,8061,5
42,242,3787,2338,872a319ee7a24a0ea855777702e15aae09deb042 ,9018,21
43,979,149,3664,c26ab3bbd8b137f99cd83c2c1c0963bcc1a35cad ,7909,26
44,490,2270,220,79816ecb0a75e0b29ec93a3e4845cf4f0b5d4d4d ,8410,16
45,189,2381,840,4dcee7f85df40fc71dcad450a6cbc55190e1253b ,1983,24
46,81,3555,2504,e77f8d53c6dfa1c3f308adcfa8a42cd169cb8a8b ,7738,32
47,344,1030,1702,82ad38f885211232bd89c439e0df9982d6ae74f7 ,6065,24
48,550,2440,4223,ccddaf626302032b0414003d6d4ebbfe4b3f99af ,7577,27
49,157,141,3934,22ef9733f34012fee57a30e23cfeaf3810f47298 ,1868,19
50,238,1889,2892,f1f836cb4ea6efb2a0b1b99f41ad8b103eff4b59 ,4043,13
51,486,3512,4022,2eab55ee69163f8454c57d780d7e9dbba68f2b0d ,1713,20
52,313,1148,2824,acf10f2c0a9d00345c2f6be783fc7068fe6a6bff ,6341,7
53,4,662,463,a79e9a409bded1928e5dad9765d53e7bce91d555 ,8632,10
54,120,1610,884,cfd1799660639c006d19f3ca7ebd518a1d6e6ca2 ,9118,23
55,226,1267,1649,f38cfe2e2facbcc742bad63f91ad55637300cb45 ,8637,30
56,978,4050,484,90b9305857ade3ea2021a4dd2723ccd54b46cf57 ,2367,14
57,230,3237,447,43d6eec5164077cafdcbd2c7bb5bc888e4e526ca ,2164,9
58,216,3703,1543,867cd58f3fe352905cc5b21cb41c523ca92da469 ,2340,22
59,566,1384,671,41990bc354116362c6e6e8aa088d4e703104e6f7 ,1880,20
60,504,1354,2935,abf749051d8b000946c71a2e216e55eeb49cf414 ,5823,25
61,892,4735,955,a5133248b1b55f7b0f0f989caafe254d9c16b6a7 ,1519,20
62,933,3384,1697,097ccd4f03d962011101c1221009e53461a0993f ,1718,11
63,769,2427,1064,d06b6c54863ac33d12419dd04f7acb85c696f722 ,3412,8
64,284,1451,2294,71ef3ed0695341b63e469eea3478e82b3aab9a27 ,4160,21
65,645,2162,3808,dcd7d0e3f3c05153d22d9f1d8caff4ab1b270ffe ,1339,0
66,925,1238,469,08d55d01921d987568b19a5fd67bc17b74d6c36f ,8722,10
67,789,4271,4770,83b84c4e157eee972abbaa81a99395c3b7c6d367 ,5978,39
68,762,4979,4002,cf94db48fb7aa4da74260da3f6c7e4722e913b72 ,1302,20
69,286,302,1688,999bda026be38397da36b3a974e7ba9f40275f69 ,3099,14
70,799,1757,1374,491173598037c270f1fe2d1ccbd6b58c7ed459be ,4113,20
71,398,4011,4102,3bb18d9ab531def40a51e637a236689460f8d373 ,5794,43
72,633,3236,490,eb4ac3033e8ab3591e0fcefa8c26ce3fd36d5a0f ,5378,10
73,107,3042,4660,682a03f4cd9e0c79b8a1f0e34266b9651ad9821c ,6735,26
74,366,2296,4802,5b384ce32d8cdef02bc3a139d4cac0a22bb029e8 ,2857,8
75,796,4290,3287,f1e75747bc4c6d0b16f0d429b76d23f1c06153a9 ,5192,31
76,261,2296,466,9335809622570e8aeb98a74c24d3281e4191bf13 ,7687,6
77,44,4617,3594,25293f2761d658cc70c19515861842d712751bdc ,5109,1
78,438,4012,2460,c02b74809aaccf4972b9bb7059fa28aa91a255a3 ,4733,15
79,546,3006,3093,12b15c8db6c703fe4c7f4f8b71ca4ead06cca8b5 ,4178,4
80,595,1484,4776,d528edaa45e66e08a9ece98272130b42e77cef55 ,4051,30
81,314,3991,4963,2c9baea38488b23d572875080939b4cb778835b8 ,2173,32
82,192,3996,1084,4c87e5e9fc1a564781c398618687a2f5cad0abb8 ,7983,42
83,979,2915,4005,4551b2d552b0795735b70411d13d6b5ad82d6b8c ,8824,29
84,700,3657,446,3aed9b0313f9226111de8aeabaedccf8db07d428 ,93,6
85,268,4981,215,f1f836cb4ea6efb2a0b1b99f41ad8b103eff4b59 ,3069,24
86,74,2972,3552,dc51d239fbced2ce3562b4cf820eac1e2b2344c7 ,9269,35
87,678,3565,4785,8ff059157542d2c31f0e43fc7f2325343e603875 ,4447,27
88,606,1953,3270,3be76cc016a8c850661956c5f71d14c621cf6a69 ,6371,10
89,620,1211,1019,bd307a3ec329e10a2cff8fb87480823da114f8f4 ,7282,20
90,624,3182,2546,da4b9237bacccdf19c0760cab7aec4a8359010b0 ,6147,8
91,416,653,870,3977dced04b7d0c7bc81b01a3f4124e14c683b8e ,7631,48
92,398,2668,3868,3028f51407d83338f72f994bc283572452a877de ,6771,16
93,179,3596,4271,4cd66dfabbd964f8c6c4414b07cdb45dae692e19 ,6787,15
94,648,547,4407,4ac2bbff5b524a7870db72e80334fa26fee02817 ,5926,29
95,643,3086,3217,859371c78674de37bb9ae20743117bad002716e1 ,9303,0
96,781,3158,2020,9a70776c743352cfcf688e52512673332e5e4007 ,4374,28
97,591,3251,1053,193b3437a94374579772f3f1a8c8f08381218bf9 ,9493,30
98,350,3656,4413,95e815d1541bf6f358cfffbe66ab3af0d0c09d09 ,314,1
99,152,2029,2140,5e796e48332af4142b10ca0f86e65d9bfdb05884 ,7146,29
100,474,3426,4657,2fcc820fc1d95b1e8a3a219c7e3689bb8d65042c ,6190,26
101,956,4208,4727,9e6a55b6b4563e652a23be9d623ca5055c356940 ,1254,0
102,509,1209,2060,0a6bd727548a5af89987f1aa4017003b32f96fd0 ,4762,10
103,331,2328,1740,367ac64a16d19e2afefcf7c5fab8666dda92f9de ,6311,36
104,824,353,602,6c0ac76ca9fe1af889558d11fd9a75e1fb9a0b86 ,6885,30
105,303,4732,4018,b7ecf1ca1c97492de831d17a3ab559d4a1f8b735 ,7552,18
106,293,1679,3529,72ab8108eff0514f059c30e2e277c37a9aaf1b04 ,5937,29
107,722,1349,3389,9c676e003b8932ac49d4d3a18467c0b59e3e3fb6 ,3683,24
108,771,29,1540,2a2b47bf21a372f267deccbb420567f3d450b3c0 ,8267,17
109,171,129,920,4b68e45a767407ba32c8a08340a8ad86e654cfca ,6039,3
110,131,4580,2558,90af7edbfd8a161a7f711504a114aaf5bf597f9f ,8776,14
111,975,547,3353,9d94ce174298e08402d1271df4e20f4cb50f7340 ,357,11
112,390,2652,2531,640bacfb48aefac1f91028c01603e5c78d4f63ca ,7149,13
113,769,4682,1254,be2793cdd2af9b687e24da064353ecd4681052d2 ,7113,20
114,955,2491,4681,5a4b369c668f56e4b7362c58f40cef5390b90822 ,3217,18
115,826,2218,745,389b4f6ee5bd60bebd9d0708da23ba8b4134620b ,4855,22
116,411,314,222,10d293a95915109e7675b011f404213902624f14 ,2899,32
117,417,1818,2751,6632e7ca34bf65b81cadd060000fa794dc91938f ,6783,11
118,410,1300,2275,88a9d5a83b2b7e4bc74200cc205858df88a90f44 ,2763,42
119,913,877,1030,437aa7b54ef6800c19f152c9ddcfebee7dd315e9 ,729,19
120,171,1739,504,05a53e3696e2a6dd37964f5721d34101689ecac8 ,2502,14
121,405,4782,3098,22ab0e4326f1e9096ffc3217cd20a17829a5c486 ,971,18
122,478,2695,3179,b66cd90e3946dd63b5a914d5eb2c7eddb46177ec ,3423,28
123,27,1554,2540,6b0f4d999089662690c5233e0ddea57d297a9a0a ,9773,8
124,546,4348,237,6fb84aed32facd1299ee1e77c8fd2b1a6352669e ,2503,21
125,673,2004,363,dca7d04102c326cf00ed5aac983d712827329f31 ,7332,22
126,228,2824,3087,a1773d62a609dd09e98ea1aebeddbd949b78bf83 ,7205,12
127,278,2273,2223,bc62305b6cff49d43aed5f6550716c89890a3ccc ,4049,11
128,998,2863,1853,3db2991a3bd1f2ca292a463744f4136d61b1faa3 ,1258,26
129,777,4276,2408,62866ab415331d03c03849c24f528450f246e375 ,5727,0
130,792,316,4816,5375ef76b6dc19bb987a8eab45f489e7abd6ccc8 ,8387,30
131,530,2081,118,96086e4f73c9e38874b64c0b6f1777396309956e ,8705,8
132,670,2589,4735,ae7b4b79bbda7972ec40d8cd085c7875087973cc ,4775,25
133,287,714,1590,be2793cdd2af9b687e24da064353ecd4681052d2 ,7917,28
134,26,988,2034,0e3808238b738aafc13a2a62f36d2a49dec4e191 ,4495,37
135,844,613,3722,5e06d22c8893e27d5a7243bd185faa94cc593072 ,3433,18
136,757,4788,3316,6229d318680435e210d96518f4fc6bf0390e3cac ,8486,21
137,949,776,1649,fc4bcf654beeff467f578848a0ac77b9e212366c ,3866,8
138,93,700,3594,4c8596c838c9d498b000d5fab25d2c2ea657588e ,3773,5
139,513,1099,2568,b3bf2140cfa214f15ab2fa9fa0d4817cb7dca3ac ,9202,10
140,472,4378,4218,b66cd90e3946dd63b5a914d5eb2c7eddb46177ec ,6551,34
141,349,3792,3629,d20016547f489da25167fa1dbe9a00bfd82298c0 ,2294,23
142,380,1814,3973,717b2f3d8816830549097908c134e1729c516542 ,7837,9
143,522,2992,63,6216f8a75fd5bb3d5f22b6f9958cdede3fc086c2 ,8007,31
144,671,4433,2402,8ada660e06b787f245667943dc948dafab997e25 ,5571,28
145,566,2470,2594,4cae599309683b04925ec1cb7d79dfab04709af8 ,5169,14
146,848,3992,2303,35e995c107a71caeb833bb3b79f9f54781b33fa1 ,7740,21
147,297,505,958,d64ce8d6017f0d3ab6d528cf5dfd616ae05c32b4 ,8433,32
148,340,4071,631,093f0b067a05c35392acf5a68ae51f414b877d32 ,3776,5
149,733,4239,313,4dcee7f85df40fc71dcad450a6cbc55190e1253b ,913,18
150,683,88,1031,40bd001563085fc35165329ea1ff5c5ecbdbbeef ,9041,26
151,343,3137,2308,f890d752d330caf426a52643f6510d6efd597f3e ,6016,53
152,401,1098,4861,04f1241ed2b1b531c2c853ce1eeff952cd0f40f3 ,4519,3
153,400,86,4672,cd8b7a4b8bb9bbf442a9d50fa465fe0e9d868a13 ,6161,34
154,489,2484,1962,4c8596c838c9d498b000d5fab25d2c2ea657588e ,6645,25
155,213,2376,3366,1a1162ec85b1d21244d7d3ecba5bc65878b73777 ,9627,33
156,359,319,639,77873674e5df0c6b070f8dd195293533838ca7a1 ,5595,22
157,868,760,3280,ab7f7b955330dc8dcd7f8ae3d9689ffa32bf10d5 ,7059,28
158,218,2963,2616,06349be70bd2d5dd98d36b9b8dba0a057500fdac ,963,13
159,203,2926,439,dd7c1a3d9d5627da9aea5415e3d07202bfb5925e ,4979,7
160,742,585,1785,c829eb96cef056a9003d7ab56ed6072e99089985 ,8106,9
161,530,3386,797,8e63fd3e77796b102589b1ba1e4441c7982e4132 ,6696,24
162,633,104,2362,0d990fa9636db56c6349320acba1a0c6499a1db3 ,9427,18
163,603,3538,3018,2dcc3820e64b3d1a7866b22935c695fd6aa3980a ,2878,29
164,284,4330,3833,3341b16b2e02679ecb3d3fccb14a5667fa751d0d ,7812,20
165,489,581,4748,4dea1daedbe9dc1d643b0f0eb8ab57c7d532f771 ,5247,10
166,550,1962,4872,502845c58c2c863cc56309a21287940ae0f42aaf ,7852,27
167,81,2912,4830,64e095fe763fc62418378753f9402623bea9e227 ,1658,36
168,262,326,4763,9109c85a45b703f87f1413a405549a2cea9ab556 ,2689,33
169,965,4842,3327,1cc641954099c249e0e4ef0402da3fd0364d95f0 ,6781,19
170,180,4865,3635,c66c65175fecc3103b3b587be9b5b230889c8628 ,4806,37
171,331,504,4889,c8c06cfae2f59de7d444d46f0681e0845c5fcd68 ,736,17
172,285,1876,3191,00a6915f2bd395a55fb85aed647039e4136e35cb ,8094,9
173,652,1571,4538,395ea62457ba1302a696ef4bf8c3ebec74b6f0ac ,3642,11
174,800,2024,2137,298f93b1b0efeaf41f0ce468d29abfd252985869 ,7256,22
175,161,367,938,c0ba17c23a26ff8c314478bc69f30963a6e4a754 ,7510,23
176,182,2059,207,fcd72fa5e79091747b312d4bdf3a5368d2be87b3 ,3081,11
177,330,345,3007,9c676e003b8932ac49d4d3a18467c0b59e3e3fb6 ,2216,32
178,412,197,2972,cf2f328d24859d56d55d2b610b12525e60b21895 ,3029,1
179,200,3399,2658,28903f610228f970292b06382eae94ae10efa9a0 ,6715,20
180,888,2262,2034,38afd2ec2f9db9276c61839b6a900df67a7c9544 ,450,5
181,623,2151,4076,8749f5bad0754ddc52e5945049175078943a69ad ,4210,12
182,104,2986,2309,fbdd85a95ef4b3ec95cdc5580b2883d2ad82f597 ,2222,20
183,508,3117,3708,efa6e44dfa0145249be273ecd84a97f534b04920 ,7707,5
184,541,3746,1100,2c82513e25c553dfece46c99b6462368eb7f1b40 ,1201,29
185,698,2824,2767,2a8ae2469569e6eccde1a5b5b16eb076d0769ad3 ,1132,21
186,336,2025,877,e3e097dc79d8161b2a2448f6c0930a8b081cd013 ,4764,22
187,946,1554,2574,f67462663a512121ffada791890b558ee8b38773 ,5132,21
188,188,4016,4802,3cc5149977a9d4beaf5387b67b4d30c41fdf32e0 ,3247,23
189,384,589,1431,851cd04fbcac9538616f1d147d7930db87b8750d ,6942,25
190,876,3496,1153,aeaa8a872d9de96a7c8f7f1014fd6e4b1185f1d7 ,9445,24
191,19,165,81,f0483f255e0ce2c93d5dfa593f2161b266474869 ,1994,12
192,819,3637,4463,918fc64d3247435e25e80875ecaa5b39e3ed48c2 ,7895,9
193,277,2839,368,13682ac418603aa0966369d46bbf282f562acf47 ,8017,16
194,738,1821,3248,c02b74809aaccf4972b9bb7059fa28aa91a255a3 ,3099,29
195,274,4742,531,437aa7b54ef6800c19f152c9ddcfebee7dd315e9 ,3864,35
196,15,3585,2373,cf32406111908544e504c84731147f072cdf2fbd ,1510,12
197,756,1145,2066,29da9bc33b146db5b36af2908861e1de88c25fc8 ,3621,12
198,879,3893,1247,44b2920d7e9cb7c0ab668fd380af0c242dc27ad4 ,8919,23
199,743,1283,403,0588f59014485510aac3bd9fdc2695c7b2a0d559 ,1109,27
200,100,3286,4593,20387dbb740a1024dc09b567e17ab8b8d656ec64 ,9256,24
201,111,4293,2523,4d7adc253fb88e2a45a2eb91e43b6e0ff7614587 ,552,34
202,561,622,1353,abf749051d8b000946c71a2e216e55eeb49cf414 ,9050,16
203,104,2350,2103,ccddaf626302032b0414003d6d4ebbfe4b3f99af ,9571,47
204,553,3614,1684,4c8205da3610a61583b64c7faeb86dd040cace63 ,6146,0
205,251,1577,3908,a85f2d02e23cd73f8f9a7e5564778deb983ecb2f ,749,7
206,45,3496,3449,cd3f0c85b158c08a2b113464991810cf2cdfc387 ,7060,6
207,973,1821,2516,5375ef76b6dc19bb987a8eab45f489e7abd6ccc8 ,3112,33
208,498,1638,4022,eaef52968c5b1fa7aa44f27a0584221e72e9b648 ,2336,13
209,290,3377,4765,c6eeaa0539eaa4ce33dfb9e4b4eee1cfc0cbf6e7 ,8477,20
210,360,3317,1883,5a73b747ec74bdd97d5f05bf1ea48d0707e87e50 ,3115,25
211,605,3548,2251,7884821233b445e6204ce5d4ba2dbb79d8c9cfa6 ,7206,24
212,988,28,4702,54ceb91256e8190e474aa752a6e0650a2df5ba37 ,7425,21
213,69,1034,4937,0716d9708d321ffb6a00818614779e779925365c ,3979,35
214,439,1361,4895,c28097ad29ab61bfec58d9b4de53bcdec687872e ,8339,14
215,211,3151,1306,5f1cd7c3fb68ae7c679f8c33966610670d32ff1e ,7792,35
216,351,1430,3421,7919ae519f96a6645a5640c381f954df58d2d2d2 ,1545,14
217,118,4219,4983,1c76c42db69f242fdc8d813f5fddf04e958dca4b ,1604,10
218,0,4703,1892,8effee409c625e1a2d8f5033631840e6ce1dcb64 ,6596,25
219,347,3663,342,f8d0f85975e49b959799cc52847110cc940b9db1 ,2626,17
220,575,3418,4395,162cdc2a8b567050eae25592eeedaf33464a7a76 ,5688,33
221,986,2507,1891,6765c043a097743fe613e347c1cd7f770096750d ,5736,25
222,66,4379,1750,a2092f63a2f91825e2c72496b104e027c2a5b0f0 ,7390,19
223,351,1856,3570,091d039b02ddf4d2fb7f5be76e1c77465d6b4ec7 ,3979,17
224,463,872,2170,827bfc458708f0b442009c9c9836f7e4b65557fb ,3851,38
225,720,4790,2751,9e6a55b6b4563e652a23be9d623ca5055c356940 ,3328,15
226,725,2380,4335,81755a2845e39420c81902a3ce83dff1cfc782e7 ,8667,43
227,589,2514,4589,fa35e192121eabf3dabf9f5ea6abdbcbc107ac3b ,6545,36
228,546,2414,3719,1382ac8c6624ca5424ef3baa3d79f3d9f051d913 ,5662,21
229,96,2782,691,10d293a95915109e7675b011f404213902624f14 ,7411,13
230,520,1346,1855,fa988283d77ce82140f0d1d6899e142c0072793e ,3801,11
231,823,3897,1036,d435a6cdd786300dff204ee7c2ef942d3e9034e2 ,4128,24
232,820,2593,4810,68b7933743e4841afc42c7b7eb5b4974a1070228 ,4105,32
233,220,2606,4910,982fd8b711279888a3b54f5af24f185041d22ee6 ,4431,37
234,226,2509,207,7320828c9153b2a9848d6bc45d3544236b22fc48 ,8326,15
235,565,1496,1833,02db8e85943ffb476112d800c3010e376f2799e3 ,5872,16
236,144,536,4863,904f2cc1c3677bb35876e91f4716341c06769cc6 ,1446,29
237,137,15,2957,eb94d5c2be91b5d6dd995dbadd5ac0c30e3c17a1 ,8518,15
238,338,3534,3890,09d66f6e5482d9b0ba91815c350fd9af3770819b ,5133,12
239,218,667,3003,ba613d1fc0d9300175611e31cca7cf9f525056cb ,1545,25
240,283,811,3935,5b0e281496c19db095942ec9983d904312de50bc ,9110,21
241,257,2843,2170,9a70776c743352cfcf688e52512673332e5e4007 ,1314,38
242,377,4856,2467,367ac64a16d19e2afefcf7c5fab8666dda92f9de ,6722,32
243,179,2161,3628,f6b9b6ccd0440bc448ae4b0267c316b751bcf826 ,2985,25
244,621,4067,4359,acca5b51d1713598f4e5a9e2c571e22bffbc235f ,3778,16
245,786,656,4375,4ef47a459efc0cd5b5f9b48f87dcd9277d97129b ,7098,37
246,700,1188,435,f2d28ed87a287564c1ede7c7828e871bb90acf6c ,2285,32
247,675,4535,747,a52b27e785768645815cc7cb4f28d4278538de42 ,4982,14
248,812,4683,2624,ad1bf290f3ae791d4ca98700eafe4daf341b103c ,9349,8
249,73,2470,1941,395ea62457ba1302a696ef4bf8c3ebec74b6f0ac ,7013,30
250,810,4494,697,90af7edbfd8a161a7f711504a114aaf5bf597f9f ,3123,20
251,699,4317,673,bd358eb39360c15b66de4295f1a299ed46740267 ,9454,27
252,380,921,4339,cdd30858be416853ee25cea930d52dfe31401311 ,6689,2
253,672,2384,4561,f1abd670358e036c31296e66b3b66c382ac00812 ,2050,19
254,328,2986,2695,07eb1cd77ab3f5be92ee0c7050d2048fa1390e4c ,1317,23
255,53,191,3481,f022da4e40566305c0c8f39fd8f4b83dd5368834 ,4696,12
256,198,3450,1612,2c9baea38488b23d572875080939b4cb778835b8 ,4529,19
257,556,2224,3329,3f1522d025592284c3a736264c470d52fa878cd0 ,7878,15
258,262,3030,1641,49e3d046636e06b2d82ee046db8e6eb9a2e11e16 ,9500,8
259,701,3686,2086,ec2b67d5467580f9f9fea7878374ced969f38129 ,3155,32
260,761,451,2046,1f37ad2bad2f9295271415eea34a6cb99a79575b ,3267,8
261,407,236,3794,7698330419d7539e743e9f4985411faf76e64261 ,8452,10
262,708,4687,1438,00a6915f2bd395a55fb85aed647039e4136e35cb ,5085,15
263,909,2447,3759,a609bb8ab05a0d13db9eb1d0d3b1383d1703c17d ,8283,42
264,567,4867,3344,d321d6f7ccf98b51540ec9d933f20898af3bd71e ,3387,8
265,632,1188,3180,5715aa02de07dc08f6197a5850b92d7640766663 ,7165,29
266,249,4635,887,8abcda2dba9a5c5c674e659333828582122c5f56 ,8108,40
267,991,4831,3317,83fdc3407ccf68718bfb9aaddefa7cc0e40529db ,7339,13
268,561,313,983,d5155d043a8e6fffa4385a64df15a176f4752551 ,6197,35
269,293,2104,4842,0bab1dd8bdb38481cdd144b3acb6368847c0c662 ,4838,30
270,610,4192,4077,acca5b51d1713598f4e5a9e2c571e22bffbc235f ,6440,15
271,564,2532,4749,290a52e4dd6282ca78bedde4f4d85b44e532cf99 ,2213,11
272,717,4826,3697,8383da94fbc3893a50deddfd249fa33c22a1d215 ,4552,24
273,682,2356,4554,85f1002bf139bebdb7f0d07b31fa14155aea9dfc ,42,4
274,550,1512,4731,6d363479c97439b921ad2bcba054992d8eda9a0c ,6938,25
275,752,2493,3810,9ee0df7c8a647ff45e95abfac028ef5651be0ac5 ,9973,13
276,905,3094,4801,a02b857f2eff73e8e188f35529dd91f8144b23b9 ,6845,15
277,246,540,1462,95ba225d2fecda66129fea8e09e4ef3ef67967a2 ,4268,13
278,458,4583,1426,5e5ad0b76c7633737a8d81700681204e0167c0d9 ,3905,0
279,815,4428,2039,8de23aaaec61b2cba81bd155ea66322737dea7d8 ,695,49
280,884,4769,3981,114d4eefde1dae3983e7a79f04c72feb9a3a7efd ,8662,11
281,829,3375,4906,f1c6feb7a3622b32bac480cf859a255cfaa778b9 ,6322,22
282,345,2864,4519,1ed8625b87fe7be262cf36d4e4648ea241575e22 ,1232,0
283,501,3634,494,eb94d5c2be91b5d6dd995dbadd5ac0c30e3c17a1 ,5348,10
284,312,2106,477,fba7b60b15f0b26aa5b56b8f378a0b1b4092ed23 ,5482,15
285,653,3327,1801,02db8e85943ffb476112d800c3010e376f2799e3 ,2918,31
286,234,1962,2734,929545a027825daea55353fab18e4dd87fd8c581 ,4860,9
287,424,2170,4087,91dfde1d6e005e422f64a59776234f1f4c80b5e4 ,6042,29
288,500,3135,213,4728a26498a7441a03a375eb0280b65c24a8cbd9 ,5106,18
289,887,3761,2172,bb3612a0cf3e7e69f1be97829008c1c0cf943363 ,2342,12
290,596,1779,3206,8fc1bb57c95fe04d4a8acab34ca0576ac19fdc01 ,6201,23
291,829,4397,4265,902ba3cda1883801594b6e1b452790cc53948fda ,8078,21
292,690,4381,2731,9d4650d4e8944e0ebf5c32dd9706abc74343e3a8 ,3949,24
293,484,2834,3755,fc7a734dba518f032608dfeb04f4eeb79f025aa7 ,4929,38
294,559,620,420,8d6f9131366dac0c298ee725e6577d6e0a54e832 ,5155,15
295,719,421,69,4af7f9edc0f545f4de769f2e9e763df919915cab ,9540,11
296,907,4652,488,215bb47da8fac3342b858ac3db09b033c6c46e0b ,1595,26
297,464,491,143,a52b27e785768645815cc7cb4f28d4278538de42 ,2847,28
298,122,4326,3750,b202977c0fc07e1c6b31961a905395a8ffb23121 ,4130,16
299,451,4959,1705,fa5b7e293127b3837c39f7fbd05598f32c8ce1c9 ,9245,24
300,270,236,3551,264c3f3470cadac69e9912a8517f6210af35afaf ,7694,39
301,35,4044,4095,07127c678f054242aa8adff217db10ac8aee409d ,4187,45
302,767,3724,807,fab19abfc186474354d059987002dfd06da3ddce ,789,24
303,213,206,4846,d54ad009d179ae346683cfc3603979bc99339ef7 ,8428,4
304,189,1871,4071,29350804a152f35fbef4117a6a434deee760dee9 ,7661,16
305,92,1006,1191,bd307a3ec329e10a2cff8fb87480823da114f8f4 ,9941,20
306,710,322,4081,a1773d62a609dd09e98ea1aebeddbd949b78bf83 ,6148,4
307,857,2581,2053,301377d6f91551c76bdeceb505896fd2d31b918e ,3402,35
308,228,4868,1789,d36550fc4422fde2c3bb4169c939e24e583e79f0 ,8412,8
309,747,2631,2829,79816ecb0a75e0b29ec93a3e4845cf4f0b5d4d4d ,7231,13
310,127,4852,1283,99316daea530a41f7e3cddaea0561a59d2dc23f0 ,5668,25
311,244,4242,4504,fc7a734dba518f032608dfeb04f4eeb79f025aa7 ,3327,3
312,992,3268,169,828f720439cefaeb3acc7a7babce0a28abaa07a3 ,6302,16
313,979,3484,2257,b74f5ee9461495ba5ca4c72a7108a23904c27a05 ,7122,23
314,977,638,1202,6cc71d91778fcdda0eb8709e9348240b251afe5e ,6446,10
315,297,2896,5,982fd8b711279888a3b54f5af24f185041d22ee6 ,6617,10
316,222,3118,1426,190c4a70068f9453e2320b650e94869a1306adb0 ,8343,41
317,270,4166,1830,502845c58c2c863cc56309a21287940ae0f42aaf ,5807,25
318,697,2755,2171,0fdf6a63ef21d8a712f68633ace5ce08cd1914ac ,9621,28
319,938,115,588,23b23be9da2519c88f11c084310bcc0bf14417f8 ,1956,19
320,590,63,1937,170377543ef02d8082756be316e863c382a1d1bc ,6270,9
321,977,4270,1422,08a35293e09f508494096c1c1b3819edb9df50db ,1674,31
322,36,3502,3549,0486ffb0d9c84cf1c38a7024c5284f0a2c411070 ,9420,19
323,847,1218,2582,8a279e5c5354af5ae7810101fd16c35a749451cc ,7990,12
324,344,4449,2902,afc3bf9d346f20c15bd914465c0beae12e0dba2e ,3376,19
325,86,2289,3077,a93c168323147d1135503939396cac628dc194c5 ,2622,20
326,62,51,4259,967d1c50af49565e3ab37a33780edf8a1d2d43ea ,3346,21
327,549,1113,3106,cce637a738cef6fac143931ad866d768e84f2260 ,4040,22
328,279,2692,1189,b6692ea5df920cad691c20319a6fffd7a4a766b8 ,7621,21
329,646,4144,2965,5a4b369c668f56e4b7362c58f40cef5390b90822 ,4214,23
330,863,4574,3210,11307768e6d77951256a33cc9abd40851f6f5ce8 ,9533,18
331,8,3010,2026,9741f79aca77af5b5793817bd36737360dcb0a29 ,411,10
332,336,354,2978,7a95563490d87e3621966d553f06078acb822585 ,768,29
333,667,573,753,53e56691fe7c82711dc58960df28b221ec2f29e3 ,9450,11
334,248,895,3336,5e5ad0b76c7633737a8d81700681204e0167c0d9 ,3182,36
335,691,2031,3336,367ac64a16d19e2afefcf7c5fab8666dda92f9de ,8131,10
336,205,4770,1088,0a57cb53ba59c46fc4b692527a38a87c78d84028 ,2365,35
337,576,1450,1157,0026476a20bfbd08714155bb66f0b4feb2d25c1c ,3941,33
338,722,1596,2133,bcdb6b3045cff6247e2db382d5006d8fb8434230 ,6343,8
339,428,484,1224,6c1e671f9af5b46d9c1a52067bdf0e53685674f7 ,8660,10
340,237,2120,3350,f04b1d726c615672552fa5116aa5b958d8d41676 ,3108,31
341,697,1244,4948,8ee51caaa2c2f4ee2e5b4b7ef5a89db7df1068d7 ,7131,24
342,42,3645,101,7110e0d3f236986f20f4297a48a536d8fac5c411 ,8656,18
343,256,4106,2431,0026476a20bfbd08714155bb66f0b4feb2d25c1c ,6710,3
344,725,2270,1237,28cc2209b234d9183848f1c6a8ff13e0311057b9 ,6798,36
345,20,2500,3891,dbc0f004854457f59fb16ab863a3a1722cef553f ,223,6
346,424,192,4521,0a57cb53ba59c46fc4b692527a38a87c78d84028 ,1220,0
347,558,1422,2328,3977dced04b7d0c7bc81b01a3f4124e14c683b8e ,7338,6
348,353,4396,347,84582c1dbe026475319df14c19967d1dd0bf751f ,6700,16
349,831,1882,98,0716d9708d321ffb6a00818614779e779925365c ,9472,26
350,584,4118,1,f2d28ed87a287564c1ede7c7828e871bb90acf6c ,973,19
351,192,3634,3360,fbea31c7083ef34d19f4b946b94b60560c709e34 ,5243,13
352,566,2938,3005,efe76debc08f498165df7f907b88ebc293d438e1 ,1351,2
353,672,484,2414,3554dce55f341edd431fc711f6816673f081452d ,9164,28
354,134,2542,4327,1d7deb7af392ce1dd0b07cc0e31a54ffbcbfe9fc ,687,24
355,603,3660,2178,a085216616587a553a52ec5faf1e61bfacf2bbfa ,2223,15
356,194,3746,1081,cd6d91089c7e219a7f4e86e3c2d57f936d367689 ,7639,40
357,319,318,3950,a79e9a409bded1928e5dad9765d53e7bce91d555 ,2260,13
358,50,141,3800,4ac2bbff5b524a7870db72e80334fa26fee02817 ,7380,10
359,175,4117,2122,4b1a62d54f5d635ceffa0118244d63e07779e04a ,2695,25
360,671,4257,655,2ef28d314a746794372012c327c941b66c3a057c ,4031,7
361,737,1156,789,472b07b9fcf2c2451e8781e944bf5f77cd8457c8 ,6829,34
362,150,4700,228,f333160e6b20ba37686da89bbe5fab728a7d3d24 ,5185,26
363,704,3743,4204,a93c168323147d1135503939396cac628dc194c5 ,7436,26
364,621,1127,2319,0588f59014485510aac3bd9fdc2695c7b2a0d559 ,832,22
365,831,4685,2771,bbcbb1e844266f4abdfc29b3d8a64628607fa47e ,4301,48
366,186,4312,4856,290a52e4dd6282ca78bedde4f4d85b44e532cf99 ,203,19
367,847,4710,2806,0aed854dc1ed3c76a4caff5ed4057ff16817cf30 ,2927,20
368,452,4612,682,d2e19c4182d68093904d9bf3744ac0c3a8bc8238 ,5290,7
369,735,4863,4385,f1c6feb7a3622b32bac480cf859a255cfaa778b9 ,931,17
370,469,2940,2393,f33f7ae89c2c6ab8e29a3cb0a97bb1f9456aacba ,585,25
371,793,1933,3060,620807a1bbd690fc48597698e7f449e961505536 ,8059,15
372,871,1318,2461,afc3bf9d346f20c15bd914465c0beae12e0dba2e ,7041,27
373,892,4348,1227,4260e7eabc193825e5a09c31c41d9c739703be50 ,5159,32
374,740,4217,3700,93ac1946cb917abc4735cdd1ee5fb7e3c6e164de ,3615,31
375,668,2143,1630,6216f8a75fd5bb3d5f22b6f9958cdede3fc086c2 ,2209,21
376,4,4892,2957,5a73b747ec74bdd97d5f05bf1ea48d0707e87e50 ,1614,29
377,905,3039,4655,ef2afd226e3384e34d9833fe09cd123db498754c ,7759,41
378,610,4628,2126,68b5193fd0f5308baac9d9eed453a89e6925bcf9 ,5366,0
379,593,1925,2915,84582c1dbe026475319df14c19967d1dd0bf751f ,3048,25
380,661,4913,2669,de1592e729f8f17f431e04338d66ea9cbf60f10a ,7595,40
381,440,924,1386,e1822db470e60d090affd0956d743cb0e7cdf113 ,7649,16
382,352,3351,1860,0b93caee71a9d214d0bbbc5622ea29507e3b8a7a ,8152,28
383,807,68,1826,3c26dffc8a2e8804dfe2c8a1195cfaa5ef6d0014 ,8948,27
384,602,89,2508,e29f7b5c0960d53d40bc673a6b2cccd378f24e4b ,4052,14
385,786,740,2631,c2145e337ae6b84c33e35cf4b6fd3f3d516631a0 ,2265,24
386,983,2548,1434,572e20738130fddc7c389f2ab14f4e4b22a97c39 ,1151,19
387,286,4988,184,9f3bdbf605248e180acba43499e6c6cbcec07427 ,2975,17
388,437,427,4953,5a4b369c668f56e4b7362c58f40cef5390b90822 ,3988,45
389,349,4697,3455,1b75f1a8ff3bff3ef7a72c6935c3d01a94da8969 ,405,10
390,795,3985,2056,61b5df41f1006a3d0ead4e4e6a6a61cb32496959 ,4626,35
391,836,852,1003,e973a64ce098778bb7327fe57d8a607be981cbd3 ,2945,13
392,901,4165,4115,dc51d239fbced2ce3562b4cf820eac1e2b2344c7 ,9686,27
393,428,2675,2291,f2d28ed87a287564c1ede7c7828e871bb90acf6c ,9928,34
394,977,60,4850,a085216616587a553a52ec5faf1e61bfacf2bbfa ,4236,10
395,896,3014,1597,717b2f3d8816830549097908c134e1729c516542 ,6885,39
396,260,1299,4471,b74f5ee9461495ba5ca4c72a7108a23904c27a05 ,4958,22
397,125,3651,164,cad06f3c4901bbcd4a396dd83c4544a146d6e3e8 ,6581,28
398,705,3823,3001,6fe3dfe314684a658c1b19ca7a8e3abd29afe23e ,7094,26
399,947,681,3525,d8e4bbea3af2e4861ad5a445aaec573e02f9aca2 ,4007,13
400,937,1466,1602,cea6475abf50000b50fe25c592e079363689f59e ,2127,25
401,51,3233,804,f7b41d20b69937da146fc75bff4c97615532586b ,6217,21
402,744,122,3218,6f8246002c1c5967ffc5e0ec80f2d7b59a60b1e3 ,3434,19
403,396,579,1886,2c82513e25c553dfece46c99b6462368eb7f1b40 ,4678,11
404,986,584,766,aa5076f800ef52b2ed0f0b8d88bfc68f7fd6a314 ,481,9
405,20,4082,1795,0ade7c2cf97f75d009975f4d720d1fa6c19f4897 ,9441,19
406,247,1240,1774,6d0e1050797b03d8826ea5ad224adba68621f692 ,6010,0
407,688,867,849,f37062d9a65543a46f2ba13299ba77a370a1c4eb ,7416,24
408,991,59,2231,f8c024c4ad95bf78baaf9d88334722b84f8a930b ,868,23
409,779,1780,4400,459b50197f19fa4ed59faf560dd179d732ef0335 ,9025,13
410,470,306,1672,6ef2c7d1d434b898fc74412b636387ecc7d44c40 ,8845,10
411,942,3607,699,8fc1bb57c95fe04d4a8acab34ca0576ac19fdc01 ,6488,7
412,570,1443,1350,dcdee608f07355c48e6f028cb5790c7c436fc3be ,4683,16
413,482,4027,840,d049c44e2fd67b6eb19a1c18c93110c0b52cab63 ,4962,39
414,849,1339,4816,23b23be9da2519c88f11c084310bcc0bf14417f8 ,6342,4
415,689,1783,206,fd93751649ac3ea8f8772ba49c8c1fe068002835 ,4075,25
416,109,354,3095,1368d271ae6a831386917603bd1f80b959a5c7dd ,2256,17
417,191,1811,4097,a17554a0d2b15a664c0e73900184544f19e70227 ,4145,25
418,923,4667,4609,98fbc42faedc02492397cb5962ea3a3ffc0a9243 ,7325,26
419,819,3384,2363,af3e133428b9e25c55bc59fe534248e6a0c0f17b ,2553,32
420,797,112,2454,35e995c107a71caeb833bb3b79f9f54781b33fa1 ,4827,25
421,744,3741,3828,abf749051d8b000946c71a2e216e55eeb49cf414 ,5448,19
422,285,830,2099,2f9f705a38307c470e3a819ac1f6df7a7fa0ffbc ,4120,32
423,368,2398,1177,b3f0c7f6bb763af1be91d9e74eabfeb199dc1f1f ,3887,14
424,869,931,1807,f83a383c0fa81f295d057f8f5ed0ba4610947817 ,2952,40
425,423,2410,2539,859371c78674de37bb9ae20743117bad002716e1 ,4152,12
426,520,2023,2841,6643521711328a1e282daf5a5da43970eb11a089 ,1166,15
427,507,2317,3202,baab34018148392463ef4c49b5a924409cf5f7b0 ,3369,15
428,108,1045,4806,d094700e379f0fb3b543e25c77f8e4b3e068f057 ,9423,39
429,903,4042,2892,f032e58930733b4d76fabb3398e75d86d881b245 ,1788,24
430,111,4603,1482,ee16ee0fa7f21a4101793582e1cf4b24fef9f948 ,2885,15
431,406,1115,2536,a165fbd61c277745f187eaac7182d9c05d0d1171 ,335,1
432,433,578,569,3717862a00f88c6164a735d661d4e9c91c5d9767 ,6663,23
433,967,1440,2217,47d5c9c207cca57d0fc560882f7b1a258121a579 ,8991,23
434,556,506,1883,cad06f3c4901bbcd4a396dd83c4544a146d6e3e8 ,39,14
435,620,2634,1724,0ec09ef9836da03f1add21e3ef607627e687e790 ,9156,33
436,60,2891,4028,acf1fffc01dc0193aa07d0b1de723c292a2c826d ,3116,19
437,877,1467,1523,9a15f42d1c524c306eb91c3df1216db248a8f224 ,3225,15
438,555,2251,513,a6b21a4281226e8a97c2e05517fbe546775efc6a ,5921,16
439,90,928,3951,31bd9b9f5f7b338e41b56183a2f3008b541d7c84 ,6916,20
440,384,4583,4803,3219b5be78da72e80e0918d458b9ece3825a68e1 ,8537,21
441,27,559,1523,c837307a9a2ad4d08ca61a4f1bd848ba3d6890fc ,7870,31
442,115,2476,2539,77de68daecd823babbb58edb1c8e14d7106e83bb ,5633,6
443,929,4969,2327,6e75d23a0574afce62799aab4afcd882f53d6680 ,5895,32
444,913,1477,705,ac3e7b007d7ab0ba379faa8ab62d9da35c5444f4 ,3998,38
445,278,2110,3734,cf06ed6df6eb6ebc840cdb81ed164cfdb56a6aa9 ,8590,14
446,986,2966,196,c2548064eaf018a1d481dffb9900c93eb7bdef13 ,4061,11
447,778,3595,556,812ed4562d3211363a7b813aa9cd2cf042b63bb2 ,8773,8
448,763,3793,1967,d051bf1ddf82f79c6af34f7f4e59707f081296ad ,3806,22
449,498,756,2204,3219b5be78da72e80e0918d458b9ece3825a68e1 ,9604,61
450,546,4707,2141,62866ab415331d03c03849c24f528450f246e375 ,1472,33
451,983,423,3745,cd3f0c85b158c08a2b113464991810cf2cdfc387 ,7015,9
452,91,2600,3255,2eab55ee69163f8454c57d780d7e9dbba68f2b0d ,4090,5
453,236,4280,109,0b93caee71a9d214d0bbbc5622ea29507e3b8a7a ,3036,35
454,553,3187,4034,ba30fd97b4127db56e9f4d3d9c030d71646fd2e7 ,3855,0
455,665,3166,2313,12c6fc06c99a462375eeb3f43dfd832b08ca9e17 ,8043,26
456,447,2686,1276,63b4f91cf8f3dcf5b300797302b9953cc8333368 ,3922,31
457,500,1672,4721,636fd04ebe81c6118b43c88dba88b3af34ba4c12 ,9416,13
458,8,2475,986,5a9295d8fa430d03c34c8f7145f47117fb940f31 ,5508,30
459,139,4865,416,bf67a68ae9d0403801d0a0474efc79997d5fb6f3 ,4345,35
460,972,4056,4359,c35a9fc52bb556c79f8fa540df587a2bf465b940 ,3750,33
461,146,2627,3945,8746b7e5d534efa196e92e53c61ec747f4c936a5 ,4394,14
462,381,684,574,4f0f5c96ca8457ccd84c30f91c0555bd7e615c81 ,9599,37
463,272,1067,2918,86970064ea53b6d66b7c53cbc91c58b4f06fc6fd ,448,18
464,693,4596,478,a1422e6a168630cdd214ac5e31ca01ae1bee8d92 ,8732,20
465,77,2532,1866,fc1200c7a7aa52109d762a9f005b149abef01479 ,1643,36
466,650,4567,1421,6153f0b97fb44420cd413a37979f8e6219fc3f36 ,6295,34
467,743,4756,189,b19dc177a07ce563e09b457f13bf5a673ddfbba1 ,8141,11
468,21,1168,3874,d36550fc4422fde2c3bb4169c939e24e583e79f0 ,8964,30
469,313,4987,1125,5b0e281496c19db095942ec9983d904312de50bc ,8916,12
470,577,4948,280,c9ca442765657fc90e9e779c34d0d2259d2c3c5b ,8607,26
471,955,392,261,ef2afd226e3384e34d9833fe09cd123db498754c ,4198,22
472,916,4616,1690,ac9c957760424d463fbc0a28712e09dcd11a9415 ,2961,24
473,88,3534,2019,4d7adc253fb88e2a45a2eb91e43b6e0ff7614587 ,214,27
474,720,1848,1536,f37062d9a65543a46f2ba13299ba77a370a1c4eb ,507,13
475,501,2565,1137,4f0f5c96ca8457ccd84c30f91c0555bd7e615c81 ,4636,16
476,99,257,4547,c44201fe5bac6de29c443c0c27cc988299120d45 ,3525,18
477,249,2728,1758,872a319ee7a24a0ea855777702e15aae09deb042 ,242,31
478,990,4826,201,2aed8cef33a640e55d1a7f9358fc92db260a4de9 ,1288,0
479,703,2649,4507,e30e49d63907db14c48c5ad063ff7577b7ab5248 ,8426,18
480,93,3484,701,ad1bf290f3ae791d4ca98700eafe4daf341b103c ,5271,34
481,384,2408,1402,06cb3f00aa09252fffcbe8ea8d165a338f803a7e ,3364,28
482,515,2082,4260,3717862a00f88c6164a735d661d4e9c91c5d9767 ,8349,7
483,59,2804,3943,ecb7937db58ec9dea0c47db88463d85e81143032 ,2557,12
484,614,2587,1699,f1e75747bc4c6d0b16f0d429b76d23f1c06153a9 ,3634,16
485,327,2038,2741,1b0a69d74c5ab68f9e3505f103f40618a51e5987 ,5124,47
486,630,1080,1485,fa988283d77ce82140f0d1d6899e142c0072793e ,4448,22
487,500,1006,208,a79e9a409bded1928e5dad9765d53e7bce91d555 ,4358,35
488,761,218,2850,2019219149608a3f188cafaabd3808aace3e3309 ,8536,25
489,623,2282,4541,6c0ac76ca9fe1af889558d11fd9a75e1fb9a0b86 ,8661,22
490,201,358,4880,86e55aec99bfd3868b399afe0c5069bd2a7b7d18 ,4160,10
491,181,1082,3053,fa755791d0509bb06ae715a2072de724815ed84d ,2349,17
492,923,2443,4823,4396c2d023b9d985eed0ba30fe1c672637c01718 ,2375,13
493,7,3270,271,d321d6f7ccf98b51540ec9d933f20898af3bd71e ,9454,20
494,621,32,3810,9d00089c4194a6c21c2d95f432a2777dac29d24e ,8063,28
495,607,1505,4345,96086e4f73c9e38874b64c0b6f1777396309956e ,6189,7
496,638,998,403,08d55d01921d987568b19a5fd67bc17b74d6c36f ,5946,28
497,257,1715,619,9335809622570e8aeb98a74c24d3281e4191bf13 ,2149,28
498,996,1405,432,abf749051d8b000946c71a2e216e55eeb49cf414 ,2316,23
499,556,4438,388,985d6ac20b189c12b3cad0bd3af82450e25024c8 ,8241,29
